0 0.41625 0.483333 0.3925 0.306667
0 0.155 0.81 0.305 0.213333
0 0.83 0.518333 0.25 0.123333
0 0.8325 0.636667 0.25 0.133333
0 0.79625 0.813333 0.2175 0.253333
0 0.69625 0.381667 0.2625 0.123333
0 0.6675 0.278333 0.155 0.056667
0 0.38125 0.168333 0.1725 0.07
0 0.5775 0.198333 0.175 0.076667
0 0.74125 0.161667 0.1375 0.09
0 0.66 0.098333 0.105 0.05
0 0.55125 0.073333 0.1175 0.04
0 0.44125 0.098333 0.1175 0.043333
0 0.2625 0.116667 0.085 0.033333
0 0.29375 0.066667 0.0625 0.02
0 0.31375 0.026667 0.0575 0.02
0 0.3825 0.043333 0.06 0.026667