0 0.42375 0.72 0.2225 0.106667
0 0.6575 0.85 0.13 0.12
0 0.5775 0.641667 0.115 0.063333
0 0.54625 0.571667 0.0925 0.05
0 0.4325 0.611667 0.095 0.05
0 0.42 0.51 0.085 0.033333
0 0.61875 0.483333 0.1625 0.04
0 0.72625 0.52 0.0975 0.04
0 0.52875 0.436667 0.0875 0.026667
0 0.08 0.66 0.155 0.086667
0 0.1325 0.585 0.1 0.043333
0 0.18125 0.541667 0.1125 0.05
0 0.24625 0.471667 0.0675 0.023333
0 0.3125 0.438333 0.07 0.023333
0 0.26875 0.398333 0.1075 0.03
0 0.39875 0.353333 0.1025 0.026667
0 0.3575 0.376667 0.065 0.02
0 0.51375 0.39 0.0575 0.02